65
268 704
293 699
280 672
386 606
431 586
253 692
378 358
479 634
320 278
318 233
502 707
225 333
275 237
225 293
275 288
522 719
504 775
526 679
351 544
506 677
469 782
1033 637
1063 687
1013 706
333 661
393 318
228 784
777 200
936 637
486 604
778 328
910 150
444 401
1076 460
773 438
617 238
891 347
374 280
241 263
865 465
203 785
940 278
891 215
896 393
399 423
1073 809
845 459
1031 800
650 657
625 185
358 248
855 639
561 421
404 353
695 436
1036 386
1034 608
1064 573
225 391
998 355
762 661
361 308
625 451
338 594
374 494
